
So we are training on ../dataset/train.jsonl and testing on ../dataset/test.jsonl
Accuracy: 0.5867496339677891
Precision: 0.5337259100642399
Recall: 0.7944223107569721
F1 Score: 0.6384886327249439
